0.8 0.79999 0.79998 0.79997 0.79996 0.79995 0.79994 0.79993 0.79992 0.79991 
0.798403 0.79999 0.79998 0.79997 0.79996 0.79995 0.79994 0.79993 0.79992 0.798313 
0.796813 0.799195 0.79998 0.79997 0.79996 0.79995 0.79994 0.79993 0.799118 0.796723 
0.795229 0.798403 0.799584 0.79997 0.79996 0.79995 0.79994 0.799528 0.79832 0.795139 
0.793651 0.797415 0.799189 0.799773 0.79996 0.79995 0.799738 0.799127 0.797325 0.793562 
0.792079 0.796431 0.798598 0.799576 0.799862 0.799848 0.799537 0.798526 0.796333 0.79199 
0.790514 0.795352 0.79801 0.799233 0.799713 0.799698 0.799185 0.797928 0.795245 0.790425 
0.788955 0.794277 0.7973 0.798865 0.799466 0.799448 0.79881 0.797207 0.794162 0.788866 
0.787402 0.793144 0.79658 0.798388 0.799157 0.799137 0.798323 0.796477 0.79302 0.787313 
0.785855 0.792009 0.795776 0.797874 0.798764 0.798739 0.797801 0.795661 0.791877 0.785766 
